0.495890114416
0.495890073067
0.495889634847
0.495889919845
0.495890129803
0.49589016533
0.495890069034
0.495889922281
0.495890024406
0.495890355263
0.495889818208
0.495890014476
0.495890101657
0.495890075237
0.495890016059
0.495890125367
0.49588958918
0.495889647381
0.495889910796
0.495889958884
0.495890273835
0.495890237902
0.495890175406
0.495890102851
0.495890003001
0.495890085869
0.495889832149
0.495890124976
0.495890070317
0.49589003111
0.49588999555
0.495889836638
0.495890087554
0.495890130806
0.495889828292
0.495890140033
0.495889782601
0.495889992083
0.49589010225
0.495890143899
0.495890003757
0.495890103655
0.495890151853
0.495890140356
0.495890107497
0.495890011826
0.49589021907
0.495890113029
0.495890040883
0.495889922214
0.495890087343
0.495890048325
0.495889607507
0.495889725665
0.495889753656
0.495889765581
0.495889624655
0.495889665047
0.495889750025
0.49588967627
0.495889594384
0.495889726763
0.495889653312
0.495889774903
0.495889655449
0.495889641192
0.495889925938
0.495889692936
0.495890074101
0.495890291869
0.495890082291
0.495889990176
0.495890172968
0.495889822394
0.495890277762
0.495890221314
0.495890143367
0.49589013168
0.495890074387
0.495890124694
0.495890183962
0.495890111597
0.495890120012
0.495889901797
