c5,0.00227348704489,0.00257994304411,0.005216786104
c14,0.00137927542056,0.00128461723216,0.00489014618704
c15,0.00102351249248,0.000497674336657,0.00484788967591
c16,0.0029023865458,0.00348715577275,0.00474092634225
c19,0.00122408904012,0.00279018795118,0.0046152540171
c20,0.00276051148302,0.00124749029055,0.00457174677216
c21,0.000401969580273,0.00268057733774,0.00677279813411
c28,0.00194870304208,0.00435712747276,0.00727635654616
c30,0.000668138415294,0.000524010276422,0.00580468896793
c32,0.00153656500101,0.00279686483555,0.00718781289166
c35,0.000577257930855,0.00208359351382,0.00712612634545
c39,0.00158859291023,0.00224000611342,0.00506136586295
c40,0.000598117974854,0.000901343300939,0.00493713500105
c41,0.00144211069017,0.0012968396768,0.00512807697513
c42,0.00221144980374,0.00301802158356,0.00510382366608
c44,0.00069464492687,0.000321578816511,0.00460376830772
c46,0.000758041147172,0.000875401776284,0.00491537620162
c48,0.0013632620073,0.000296683516353,0.00479825763155
c49,0.00216020809957,0.00124544731807,0.00430432258068
c52,0.00183363953229,0.00211566023063,0.00425069236046
c54,0.000745914384747,7.68345780671e-05,0.00459918671689
c55,0.000975972866753,0.00312388106249,0.00477114406094
c56,0.00632947531727,0.00542549276724,0.00527579803308
c57,0.00306583061407,0.00338815758005,0.00581188063881
c58,0.0105543236312,0.00600421242416,0.00479006980284
c59,0.000901672867241,0.00505544780754,0.00464408293825
c62,0.00325942159549,0.00418523419648,0.00444014621061
c63,0.000907346156955,0.00353298708797,0.00469556229374
c64,0.0107784171745,0.0062240594998,0.00471838538536
c69,0.000637348172471,0.00271396152675,0.00459683524947
c70,0.00596612041456,0.00333270174451,0.00461001271864
c71,0.00429704676868,0.00561124598607,0.00501985136022
c72,0.000839551400285,0.00341092981398,0.00429924505338
c73,0.00675160888552,0.00495362561196,0.00405170236512
c74,0.00147528548762,0.00184916192666,0.00695178313983
c75,0.000576507886287,0.00290843623225,0.00704388369255
c76,0.000451516145806,0.00212363922037,0.00743174745283
c95,0.000334465634232,0.00168901542202,0.00684044441384
c96,0.00470124976351,0.00344281783327,0.00689231955069
c97,0.000518940892566,0.000491848913953,0.00669176679908
c103,0.000889632737772,0.00163509359118,0.00758910532298
c77,0.000534714047769,0.00100392091554,0.00611827109828
c78,0.00174825232174,0.00353855662979,0.0070982404121
c79,0.000414738377195,0.000957537675276,0.00714657698796
c80,0.000615560124227,-0.000706515042111,0.00689561664915
c81,0.000931663911525,0.000373125891201,0.00692167857562
c83,0.000643101690656,0.00327988434583,0.00673738392439
c84,0.000617476081725,-0.00011663895566,0.00685084688277
c85,0.000990377768578,0.00130896200426,0.00648646478046
c86,0.00490643392705,0.00520875258371,0.00663672474667
c87,0.00132947014196,0.00391912087798,0.00644052749622
c88,7.82927189735e-05,0.000139012699947,0.00682200721843
c89,0.000410394751845,0.00206076377071,0.00755945429736
c90,0.000672997797353,0.00250285724178,0.00596356395243
c92,0.00159196748422,0.000751979649067,0.00723872554631
c4,0.000341371319519,0.00137961958535,0.00467703314721
c36,0.000839651137341,0.000972408684902,0.00531563726149
c1c2,0.00449258124874,0.00470888451673,0.00217263335836
cheriff,0.00384551216339,0.00159201142378,0.00217223480129
cschrimson,0.0145205845271,0.00149223138578,0.00289401801269
n1,0.00374504493844,0.00421813328285,0.00609114525811
n3,0.000224104442204,0.000588858267292,0.00528372993934
n4,0.000943763330177,0.00397972692735,0.00505180648381
n9,0.00109814684189,0.00165043980815,0.00510787643364
n13,0.00692488698296,0.00420950702392,0.00510813745898
n14,0.00174504878338,0.00186350068543,0.00575634657419
n18,0.00097250192453,0.00310699245892,0.00482422126932
n21,0.00369954238806,0.0048906118609,0.00602386749469
n29,0.00123115093922,-0.000804650830105,0.00804794765514
n32,0.00115123525027,0.00320151774213,0.00734007926108
n34,0.00172109987838,0.000571396900341,0.00733623561914
n36,0.00221783741719,0.0024953847751,0.00515415152561
n37,0.000950311124219,-0.000895483070053,0.00526168800785
n38,0.00184393330192,0.00106586888433,0.00525272178105
n40,0.00322605378392,0.000219175359234,0.00586101700207
n41,0.00176572811854,0.00170654384419,0.00495309465315
n42,0.00183547129806,0.00143380323425,0.00503932915211
n43,0.00189505828777,0.000200281850994,0.00560881737818
n45,0.00101642325078,0.00216619065031,0.00571160572022
n46,0.000758315313234,0.00182179128751,0.00448622549249
n47,0.000568515284952,0.00143713725265,0.00522667436534
n48,0.00163750229657,0.000798139488325,0.00639760699367
n49,0.000216637510231,-0.00136716361158,0.00507856135603
n50,0.000451060112447,0.00182417000178,0.00499120010775
n51,0.00941981762635,0.00575265777297,0.00510382259689
n52,0.00184809726257,0.00304856267758,0.00498271238873
n53,0.000371543153243,-0.000418526120484,0.00618728785677
n56,0.00075766301592,0.0044791031396,0.00464002415434
n57,0.00768778789079,0.00486375857145,0.00515340822812
n59,0.00988747684875,0.00766805908643,0.00518545972689
n60,0.00362228062715,0.00447672605515,0.00492726114713
n61,0.000585999091132,0.000548237701878,0.0051369526963
n62,5.73449817549e-05,0.00325233279727,0.00500376873584
n64,0.00258158889721,0.00232687569223,0.00549734175289
n65,0.0064814197766,0.00503807910718,0.00521103494272
n68,0.0107245975031,0.00638168142177,0.00516283339119
n70,0.0123051754433,0.00459125847556,0.00476051293335
n72,0.0120166277687,0.00532769155689,0.00481083086119
n76,0.000887746403247,0.00325294025242,0.0068783958243
n77,0.00133903729254,-0.000142772914842,0.00669587444483
n80,0.00129339171954,0.00241656135768,0.00745724483755
n82,0.00319147585221,0.00401236279868,0.00642676076772
n84,0.00127665481825,0.00281293597072,0.00716422540723
n86,0.000606097839242,-0.00125911110081,0.00721920950648
n88,0.000153143208545,0.00166623690166,0.00729508317041
n89,0.000635432878198,0.00297959265299,0.00684693688354
n93,0.000411959914758,0.0017814564053,0.00693675453127
n94,0.0107205856531,0.00609570951201,0.00702041866463
n95,0.000516105559546,2.53438483924e-05,0.00750032734653
n97,0.00160021223719,0.0041272516828,0.00707510427148
n100,0.000977101499371,0.00263681914657,0.00690463972345
n28,0.000988765032405,0.00132599845529,0.00744543744908
n73,0.000515607483723,0.00364055042155,0.00598398283734
n87,0.00042678369143,0.00427986984141,0.00748834255277
