name,mu,var,y
cschrimson,0.480491309718,0.153893782436,1.03578874864
c1c2,1.19128565197,0.156604215007,0.370837015753
cheriff,1.36137912842,0.156311585243,1.68072636475
c1,0.936165651115,0.242910138042,1.51589796711
c2,0.932550104408,0.230129992278,2.51795238019
c3,0.613172915822,0.22070101348,0.340071115713
c4,0.255467093521,0.216671183521,0.135226174629
c5,0.448235540914,0.229773997112,0.56936695022
c6,0.538494020796,0.196951991449,1.11895759208
c7,0.464380439954,0.255670705076,1.14921439483
c8,0.279088135046,0.255853263125,0.0621779446137
c11,0.498508412656,0.21873803279,0.313092216548
c13,0.376651355318,0.249464082225,0.0505050737294
c14,0.475632757896,0.232508079688,0.0644248784183
c15,0.481627191479,0.22292463449,0.0268281842795
c16,0.532239292382,0.268680501979,0.295277516887
c19,0.512850438395,0.28471388078,0.0588306333968
c20,0.360073874284,0.188399668815,0.294465144279
c28,0.51920829478,0.349227060026,1.12096834846
c29,0.414556388798,0.352353690512,0.077961599669
c30,0.289172570219,0.278251653085,0.0668221166505
c32,0.521844455105,0.329281873187,0.105562260064
c35,0.567305328714,0.344991261542,0.0816319387702
c36,0.865945635299,0.210393677658,0.354826547389
c39,1.2708234323,0.197198673884,1.84460850411
c40,1.04413100927,0.267133388332,1.19704072426
c41,0.891254023802,0.242183628541,1.37210510601
c42,1.17235302759,0.187564162216,2.12846664755
c44,1.11982914648,0.210562269218,1.44198229729
c46,0.981522816898,0.216536332121,0.25647559363
c48,1.13870346491,0.243914611467,1.65045262706
c49,1.09903096483,0.238442046351,1.54639964042
c50,0.949380667793,0.284667777304,0.852004035771
c51,0.711970028137,0.24087129039,0.0806751999764
c52,1.22641964581,0.217556616087,1.7814003399
c53,0.785097222948,0.281361008045,0.0988054493517
c54,1.02702839743,0.204465141931,1.07262110474
c55,0.80057677153,0.234188195038,0.0754701895601
c56,0.856336823883,0.232556737674,1.26073142136
c57,0.622812570844,0.242538841863,0.188439191477
c58,0.764040997124,0.241914547266,1.40672757813
c59,0.827151094594,0.250687967461,0.0458396171956
c62,0.75447671823,0.220115519481,0.170586237758
c63,0.560016727097,0.248459128714,0.0538166960687
c64,1.15251228752,0.219909905854,1.07011211351
c66,0.596585970195,0.276570489107,0.247301834996
c69,0.489579124694,0.27576495936,0.0329409937622
c70,0.86613107353,0.225289451801,1.75514958526
c71,0.677650401495,0.200097300781,0.435344266408
c72,0.360282226753,0.256384009513,0.0943189646267
c73,0.987088396423,0.192951239342,2.21990061317
c74,0.488939579519,0.35010144195,0.430064738142
c75,0.357466612102,0.346567539038,0.0619770725232
c76,0.172830316512,0.350185764309,0.0562673768632
c77,0.187877965833,0.328993833866,0.133955202199
c78,0.292237667732,0.332973145542,0.135272180305
c79,0.24065649996,0.356240796867,0.0975324676518
c80,0.303282663979,0.339330134073,0.0736696661171
c81,0.200085196923,0.343185207823,0.0405703048337
c83,0.359840688729,0.332511085364,0.0322408877231
c84,0.13619555842,0.344039401248,0.058128382885
c85,0.0476319119013,0.335131389571,0.0423371400852
c86,0.322531272057,0.345122263243,0.0263062050316
c87,0.229770570899,0.342335567863,0.067957206188
c90,0.184577077114,0.332515318644,0.0527549715333
c92,0.0399309322124,0.348790139635,0.823708533144
c93,0.300124178215,0.321321209271,0.722847943271
c95,0.316906592945,0.35537026544,0.0881868256059
c96,0.490750352535,0.328286931738,0.413944615677
c103,0.0722397688621,0.352099721492,0.150164521822
n1,1.11670170539,0.254563400676,0.639591791934
n2,1.15767033604,0.244714509936,1.57983007282
n3,0.528412799622,0.199058558648,0.393176299051
n4,0.490231095627,0.260999653709,0.752446698967
n5,0.228362958311,0.209250027843,0.395358637743
n6,0.535960027177,0.169688865763,0.93722300972
n7,0.429296684741,0.241823050657,0.621566198945
n8,0.245711356832,0.243346720152,0.05829398574
n9,0.612322284219,0.202824330032,0.098022780979
n10,0.61461826824,0.220920354319,0.643819713467
n11,0.557519311217,0.220189350897,1.08986496017
n13,0.330450521648,0.286174447224,1.13222530443
n14,0.257073578229,0.228503269087,0.192851634031
n15,0.515728250154,0.16889390367,0.328649790199
n16,0.310689144701,0.212866752961,0.0528761510536
n17,0.324946902172,0.239321635768,0.172190662296
n18,0.358156542017,0.249208884786,0.723850758149
n19,0.469968312466,0.227179034097,0.319888801763
n20,0.522414719527,0.219003777104,0.554333655432
n21,0.924165674777,0.320513531847,0.384365553521
n22,-0.0935004514121,0.31640227953,0.0865281298502
n23,0.722965493791,0.342282030531,0.400062557167
n24,0.356318007885,0.340639634264,0.267261269095
n28,0.363919759023,0.331784659212,0.0647744049388
n29,0.18899667577,0.326457225611,0.076465794138
n32,0.414261309168,0.331521941651,0.0584411199568
n34,0.442266934646,0.316403305866,0.0819508667885
n35,0.278098109102,0.322728438853,0.0660754119387
n36,1.54303602755,0.179040077659,0.827856423895
n37,0.57005240265,0.269973806028,0.203601129716
n38,0.961656117763,0.254945713917,1.25058194251
n40,0.859258634317,0.228837966194,1.4963898011
n41,0.900620280469,0.244418655713,1.65193839454
n42,1.31198022087,0.20253034963,1.90727480176
n43,1.03868251574,0.231130246878,1.46504197482
n45,1.34287752024,0.194441598133,1.43404262315
n46,0.264689300627,0.292789556161,0.406140872879
n47,1.15995384419,0.24993350998,0.0674803418218
n48,1.40555018468,0.179632957267,1.19291004052
n49,0.943716715593,0.230551087358,0.0975355125195
n50,1.01997794443,0.232056515872,0.0468209964121
n51,0.980287348307,0.274734538326,1.32742855647
n52,1.19865424013,0.256327138643,2.1215154859
n53,1.16300350879,0.22531208629,0.426371014964
n56,0.216689640173,0.270578078269,0.0977320945343
n57,0.605504240451,0.228540354768,0.877130586157
n59,0.884987221314,0.254605294406,1.35231115066
n60,0.836385072384,0.253577770347,0.644286896628
n61,0.598806956066,0.245233043597,0.268387051077
n63,0.845751743354,0.225181623739,2.0988555001
n64,0.827418514331,0.233517758655,0.572428761884
n65,0.786423831668,0.190497231938,0.777444531234
n66,0.0870522700163,0.273731132118,0.049402122855
n68,0.99678103078,0.174685558606,1.18023479202
n69,1.35988259559,0.214225785521,1.13214581403
n70,1.01363471478,0.229160858645,0.916334688738
n71,0.65151485938,0.254823957229,0.0761833647837
n72,0.896425621323,0.237738549616,0.646489441951
n73,0.775443892045,0.215088491488,1.48046398956
n76,0.275033445788,0.306269037899,0.312449489647
n77,0.255332708309,0.322271405649,0.419048102271
n79,0.266413798165,0.3284939012,0.156297985205
n80,0.293851034665,0.32376002862,0.129085682917
n82,0.396614184436,0.325772406073,0.425091204157
n84,0.293412761638,0.341596303692,0.0673400487009
n86,0.106364772133,0.315201291522,0.0846798429699
n87,0.350610039721,0.344016318919,0.464275904493
n88,0.213897462831,0.326234678654,0.0699330232505
n89,0.300970197604,0.318753421746,0.0541191132396
n93,0.483216257278,0.341544243755,0.116486859523
n94,0.615831223239,0.331141925519,0.829372987832
n95,-0.1665706992,0.335902657963,0.0519471375997
n96,0.00490683577796,0.339929556471,0.065566526731
n97,0.478619771656,0.342011332185,0.333451934129
n98,0.0312459187513,0.326931284356,0.382089982845
n99,0.530379484051,0.327067036604,0.254880327558
n100,0.044998776471,0.313919909721,0.0503013663344
n101,0.171869932007,0.322323645755,0.0795976146535
