52,log_GFP,-170.285506832,-146.401274525,0.808171328762,0.609492515517,,Hypers(var_n=0.14114971775709328  ell=2.8327547033311253),no,FALSE,0.019
name,mu,var,y
cschrimson,-0.211129856845,0.263187212167,-0.0046264130281
c1c2,-1.33700776714,0.254692101537,-0.891071325462
cheriff,-1.40514083396,0.267709801826,-0.862670891274
c1,-1.03518614293,0.337361768001,-0.637592650032
c2,-0.257128890374,0.263187212167,0.343075785938
c3,-1.29399099362,0.326480455149,-1.88832254727
c4,-1.60261723877,0.483086808073,-2.28777939135
c5,-1.30702740952,0.254692101537,-1.20419406683
c6,-1.21066911055,0.550519457591,-0.617721182372
c7,-1.3861635433,0.254692101537,-0.377675468895
c8,-3.57012718769,0.590961235462,-4.05019083464
c11,-1.26776009582,0.254692101537,-1.61431222025
c13,-1.53967514468,0.399694855959,-2.30022505105
c14,-2.30819312983,0.689134265372,-3.10044418985
c15,-2.79630274561,0.601202546468,-3.50579436671
c16,-0.968234690564,0.62237329195,-1.34885052907
c19,-1.67521666346,0.603125815965,-3.20754540469
c20,-1.27752862801,0.254692101537,-1.5122871005
c21,-0.817295512001,0.539411820249,-0.0825857789773
c24,-1.66205510718,0.725821437696,-1.10449051872
c25,-2.78384857465,0.967305649075,-2.49203302577
c28,-1.67346240886,0.880579450436,-1.32331275707
c29,-3.78028464401,0.893155645232,-4.17146068299
c30,-2.4651888514,0.87445737868,-3.78467068696
c31,-2.97235601216,1.05801609048,-3.0553720386
c32,-2.5094541431,0.8805323344,-2.53196668603
c33,-3.23227324925,0.808591572898,-2.2605131365
c34,-2.66830844488,0.690977329179,-1.52597769069
c35,-2.65505444922,0.904220253235,-3.85524599832
c36,-2.95220634013,0.546512274909,-2.98045261268
c37,-1.99944444222,0.360299304869,-1.77834950302
c39,-1.59402335016,0.483309721045,-1.54204516423
c40,-1.52010585055,0.343918929918,-1.391302293
c41,-1.23939441043,0.529460393751,-0.884596797272
c42,-1.2640900251,0.419379361893,-0.336300530622
c43,-2.31590912859,0.622670372468,-1.71959755319
c44,-2.06177408201,0.510444398526,-2.37703177846
c46,-2.84315365613,0.762163664475,-3.33001764771
c47,-2.22987273473,0.369834396585,-3.16304126174
c48,-2.79195104577,0.559270148644,-1.65101173612
c49,-1.86207590602,0.54396298851,-1.4963276411
c50,-1.30663214546,0.649031101871,-0.410566275133
c51,-3.28376513186,0.641616739636,-3.54453776191
c52,-0.803554687187,0.470887487406,-0.655715251797
c53,-2.63157628911,1.01270628461,-3.01572215707
c54,-1.87585799441,0.370856003249,-2.60351735683
c55,-1.8002828155,0.614830938111,-3.81696026215
c56,-0.149352501719,0.263187212167,-0.471595402937
c57,-0.989728114212,0.584456231556,-1.70484552805
c58,-0.856273621978,0.730279466193,0.118680436658
c59,-2.37809117419,1.10562249509,-3.63985643166
c60,-3.27830146632,0.636404683082,-2.41107631039
c62,-1.17715446937,0.581656959649,-1.28681418463
c63,-2.41554655842,0.752428186646,-2.91964770118
c64,-0.358761350465,0.327784441813,-0.189578924292
c66,-0.80557824741,0.418804206229,-1.098385363
c69,-3.31524671441,0.723805805629,-4.46023082125
c70,-0.0420155203372,0.470979766816,-0.105056792434
c71,-0.981413164392,0.509585669361,-1.01861861223
c72,-2.3147113849,0.648817702987,-2.7900177143
c73,-0.0510013808267,0.327784441813,-0.939834071137
c74,-2.43864319274,0.682937479643,-2.38558730783
c75,-2.96718017357,0.948387796739,-4.13452376128
c76,-3.15546465919,0.719544916075,-4.13137916236
c77,-1.63935358801,0.968824986587,-2.51071744819
c78,-2.00262950301,0.813906285534,-1.88998164939
c79,-3.08611255102,0.973458215814,-2.86055582117
c80,-4.22443064418,0.910668471518,-3.24260720704
c81,-2.2156505125,0.903204342699,-2.89549722032
c83,-2.9169476912,0.919667018476,-4.91789688464
c84,-2.9891286179,1.04814382124,-3.61839921026
c85,-4.11494015899,0.830242207594,-3.33638993767
c86,-2.75593163582,1.022182613,-3.13830337179
c87,-2.48288571553,0.765016666938,-2.63289340779
c88,-3.35471784575,0.947374516029,-2.78742827824
c89,-3.32504173186,0.95952222421,-2.49152060721
c90,-3.22422744718,1.03585768163,-2.98833914252
c92,-2.85901209811,0.917711905155,-2.26669800663
c93,-1.46852371497,0.680607421105,-0.932305177727
c95,-2.33630175196,0.921300514193,-3.30828369884
c96,-1.88351132857,0.763908447131,-0.746698106126
c103,-3.64230113205,0.780892980093,-2.59738684287
n1,-0.887728084719,0.337361768001,-0.96425294517
n2,-0.648449678204,0.496395495363,0.14780859252
n3,-1.47135381087,0.444543305413,-1.41722231035
n4,-1.56990210316,0.326480455149,-1.20638199723
n5,-1.8928045269,0.351688842818,-1.00782009076
n6,-1.37242330789,0.254692101537,-0.521182101909
n7,-1.67795841836,0.520882990114,-1.50956139512
n8,-3.07649330658,0.62146321456,-3.40515602638
n9,-1.20721630161,0.254692101537,-2.24664753292
n10,-1.31259472119,0.477601482303,-0.926493453196
n11,-1.40704181925,0.506697012665,-0.774116548567
n12,-1.46827614038,0.453946217887,-1.66348347251
n13,-1.6287651036,0.620053828809,-0.399752711326
n14,-2.28261613608,0.696196421602,-1.81067002846
n15,-1.25928085607,0.254692101537,-1.70287163063
n16,-2.53720949263,0.597699804693,-4.27308274457
n17,-2.5753987953,0.810289113678,-2.58666638521
n18,-1.45253435909,0.575621690969,-1.594496957
n19,-1.81597427196,0.63509358004,-1.52978136831
n20,-1.53208301845,0.446154950756,-0.998896411256
n21,-0.524547725059,0.710454174029,-1.07616561191
n22,-4.01900752295,0.953802618341,-3.48764081035
n23,-2.1290953912,0.941850535248,-2.52722273022
n24,-2.00687310748,1.03955637095,-1.97687540546
n28,-2.84713068421,0.904608448886,-3.29605581384
n29,-3.44063441322,0.976412995228,-3.36245926035
n32,-2.26583616803,0.934091995607,-2.71288778379
n34,-1.97913810308,0.782998611392,-2.34713120773
n35,-3.20050128628,0.844748702529,-3.94447883662
n36,-1.2843176118,0.267709801826,-1.65886163176
n37,-3.0061950697,0.656146430486,-3.32779230073
n38,-2.0230233305,0.360299304869,-1.73548610674
n40,-2.35410367154,0.67124436679,-0.789750317628
n41,-1.88237533316,0.443602364627,-1.34516257039
n42,-1.39228125849,0.267709801826,-0.947411843609
n43,-1.60149401754,0.343918929918,-1.22160980311
n44,-1.29941800707,0.525612258647,-1.39831262769
n45,-1.44976173707,0.419392479821,-0.619417430699
n46,-3.48098649366,0.803546687987,-3.15095748499
n47,-2.43683305796,0.721450418539,-4.48928781
n48,-1.21060187625,0.267709801826,-2.14462740611
n49,-2.6296871955,0.734470642097,-3.39174975904
n50,-3.07990586503,0.777166477206,-5.04535394297
n51,-1.08507255361,0.511457758655,-0.414747714735
n52,-1.42922067045,0.658508824838,-1.6200176415
n53,-1.82338391269,0.49235259155,-3.36376082852
n56,-3.3714850708,0.874348154523,-2.84034339243
n57,-0.250284550121,0.263187212167,0.291340086862
n59,-1.1930093386,0.687051528092,-0.0894057128745
n60,-0.430236354327,0.524057228598,-0.750833336081
n61,-2.5591423504,0.617289669825,-2.54405709143
n62,-2.65621725103,0.534469255191,-1.76834761619
n63,-0.497086705212,0.582373259862,-1.19800323173
n64,-1.60057837967,0.764826031343,-1.20038237097
n65,-0.174071969212,0.263187212167,-0.284743363991
n66,-2.65020161687,0.78652663588,-3.95231824044
n67,-0.175220999061,0.509485342714,-1.21828315591
n68,-0.218674064475,0.263187212167,0.0523995151517
n69,-0.33106088791,0.541927746495,0.00466103921994
n70,-0.573265470371,0.4398737512,0.0416530769412
n71,-2.31189412045,0.577710918292,-3.81330658795
n72,-1.22960892481,0.549332404843,-0.109736073232
n73,-0.495994352141,0.475877351901,-0.145830001482
n75,-2.71734284189,0.778306517432,-1.25541015787
n76,-2.7097769166,0.719647511561,-2.27216093966
n77,-2.62562663202,0.768096920727,-2.07065631646
n78,-2.32542813698,0.855064504309,-3.32119716555
n79,-2.42574882494,0.879519467931,-2.87818415721
n80,-2.22717719765,0.774718930524,-2.68253237726
n82,-1.29675795319,0.822604519419,-1.33659807862
n84,-3.20356277145,1.04096896585,-2.93930363829
n86,-3.58656583938,0.828240862245,-2.73321098641
n87,-1.61676738069,0.861926503419,-2.32053767247
n88,-3.94927575815,0.839983287318,-3.20076383574
n89,-3.28789681577,0.849054780542,-3.70901553654
n93,-3.02995624637,0.921785325703,-3.79542470709
n94,-1.40380871407,0.889026402289,-0.193313849756
n95,-3.86696508912,0.936134597362,-3.93989660473
n96,-3.74347889825,1.16184551942,-4.30353208961
n97,-2.15844751936,0.867070086678,-3.04265605729
n98,-3.19223691854,0.866748883718,-1.92534150231
n99,-2.89009467782,0.757298639417,-3.23028438967
n100,-3.72632314821,0.737814071002,-3.68646813135
n101,-3.32181489139,0.937942517576,-3.54663358631
