lin,log_GFP,-180.318055477,-163.772359097,0.756485202589,0.584081781672,,Hypers(var_n=0.34488990351552579  var_p=0.09215632140581298),no,FALSE,0.019
name,mu,var,y
cschrimson,-0.70240531228,0.592889316283,-0.0046264130281
c1c2,-1.54309228288,0.590847504416,-0.891071325462
cheriff,-1.51650524755,0.591597993605,-0.862670891274
c1,-1.13055345001,0.630181811253,-0.637592650032
c2,-0.717676804867,0.592889316283,0.343075785938
c3,-1.28706750835,0.61034117285,-1.88832254727
c4,-1.91253844646,0.636210727289,-2.28777939135
c5,-1.53046526559,0.590847504416,-1.20419406683
c6,-1.63197082001,0.636652308421,-0.617721182372
c7,-1.56379553275,0.590847504416,-0.377675468895
c8,-2.95727380076,0.679987226888,-4.05019083464
c11,-1.51392680215,0.590847504416,-1.61431222025
c13,-1.4269166726,0.618249638096,-2.30022505105
c14,-2.60720332641,0.671251690146,-3.10044418985
c15,-2.87575110645,0.676726404401,-3.50579436671
c16,-0.941331774769,0.653181838093,-1.34885052907
c19,-1.76637304677,0.692751795581,-3.20754540469
c20,-1.51804107678,0.590847504416,-1.5122871005
c21,-0.751173681802,0.671168753993,-0.0825857789773
c24,-1.49295104747,0.706594215735,-1.10449051872
c25,-2.57052889923,0.772834827386,-2.49203302577
c28,-1.41977088918,0.759451626796,-1.32331275707
c29,-3.80472655822,0.770761536846,-4.17146068299
c30,-2.91359500569,0.747453284099,-3.78467068696
c31,-2.85736088329,0.808551359818,-3.0553720386
c32,-2.66006509361,0.750408583375,-2.53196668603
c33,-3.32504581626,0.747578764127,-2.2605131365
c34,-2.15680495804,0.724875683257,-1.52597769069
c35,-2.78427116701,0.781658164472,-3.85524599832
c36,-2.39921002481,0.655370516592,-2.98045261268
c37,-1.86103056627,0.630916537154,-1.77834950302
c39,-1.47763439457,0.648885410708,-1.54204516423
c40,-1.67458669544,0.62744412897,-1.391302293
c41,-1.48324564739,0.652772637407,-0.884596797272
c42,-1.40450142117,0.624888000518,-0.336300530622
c43,-2.82003033338,0.691594199072,-1.71959755319
c44,-2.37821633656,0.660075517149,-2.37703177846
c46,-2.72784982658,0.740704051588,-3.33001764771
c47,-1.91425048737,0.621532593403,-3.16304126174
c48,-2.4183371596,0.677155316106,-1.65101173612
c49,-1.89730715088,0.676370249434,-1.4963276411
c50,-1.04881819261,0.657913266082,-0.410566275133
c51,-2.30165958595,0.734392419796,-3.54453776191
c52,-1.55069092536,0.644800525478,-0.655715251797
c53,-3.83812426159,0.763557411118,-3.01572215707
c54,-1.95895631969,0.624656124133,-2.60351735683
c55,-1.65379863485,0.64467212039,-3.81696026215
c56,-0.68189548091,0.592889316283,-0.471595402937
c57,-1.04620558457,0.648335846034,-1.70484552805
c58,-0.820950209203,0.676937456688,0.118680436658
c59,-2.06006230072,0.78741505127,-3.63985643166
c60,-2.79067476837,0.705447986669,-2.41107631039
c62,-1.39449961283,0.713527717283,-1.28681418463
c63,-2.03090379121,0.739144482978,-2.91964770118
c64,-0.41320720424,0.624821634439,-0.189578924292
c66,-0.839185573085,0.622844582391,-1.098385363
c69,-3.49199571713,0.723711689482,-4.46023082125
c70,-0.513595935929,0.654881701243,-0.105056792434
c71,-1.23049602038,0.704919620639,-1.01861861223
c72,-1.65691625501,0.698865272039,-2.7900177143
c73,-0.338072492385,0.624821634439,-0.939834071137
c74,-1.82369675803,0.697509033983,-2.38558730783
c75,-2.69104547672,0.777567111914,-4.13452376128
c76,-3.07555588898,0.724882263998,-4.13137916236
c77,-1.56160291607,0.81755244897,-2.51071744819
c78,-1.25535889581,0.710984004756,-1.88998164939
c79,-2.5570252748,0.816143743671,-2.86055582117
c80,-4.9660621749,0.779269224848,-3.24260720704
c81,-2.24827918358,0.760505835561,-2.89549722032
c83,-3.16579749201,0.732614096857,-4.91789688464
c84,-3.26956362586,0.847768862644,-3.61839921026
c85,-4.28505864536,0.783120602711,-3.33638993767
c86,-3.1066571862,0.816435585715,-3.13830337179
c87,-2.16531899102,0.752271718093,-2.63289340779
c88,-3.50228989825,0.813287920846,-2.78742827824
c89,-4.08851958631,0.81546862685,-2.49152060721
c90,-3.40584113937,0.797178585756,-2.98833914252
c92,-3.24104186121,0.743810312588,-2.26669800663
c93,-1.30433826962,0.673452955321,-0.932305177727
c95,-1.84251670034,0.788175688425,-3.30828369884
c96,-1.39239388838,0.693462610934,-0.746698106126
c103,-3.92984477928,0.773308938077,-2.59738684287
n1,-1.09475690436,0.630181811253,-0.96425294517
n2,-1.39028696305,0.641728677963,0.14780859252
n3,-1.72520615331,0.616344846416,-1.41722231035
n4,-1.33797388346,0.61034117285,-1.20638199723
n5,-1.73665029468,0.609498868091,-1.00782009076
n6,-1.5580084707,0.590847504416,-0.521182101909
n7,-1.73165724531,0.643982884909,-1.50956139512
n8,-2.74155525357,0.670578384649,-3.40515602638
n9,-1.48842718852,0.590847504416,-2.24664753292
n10,-1.40649782034,0.628198141107,-0.926493453196
n11,-1.91710861425,0.625259848469,-0.774116548567
n12,-1.65386611555,0.61996240753,-1.66348347251
n13,-0.773421882218,0.651808136362,-0.399752711326
n14,-2.40359771377,0.693039541096,-1.81067002846
n15,-1.51035554699,0.590847504416,-1.70287163063
n16,-2.16832593397,0.641630236151,-4.27308274457
n17,-2.43987216932,0.724932993417,-2.58666638521
n18,-1.24791779428,0.630969269363,-1.594496957
n19,-1.54301064238,0.661342795054,-1.52978136831
n20,-1.5802444837,0.629573294023,-0.998896411256
n21,-0.373350310541,0.687514001843,-1.07616561191
n22,-4.26429161416,0.811232080313,-3.48764081035
n23,-2.17711918358,0.797457799357,-2.52722273022
n24,-1.69218868264,0.784901706467,-1.97687540546
n28,-2.98643400192,0.783085520544,-3.29605581384
n29,-4.0213003646,0.784796173272,-3.36245926035
n32,-1.84322117113,0.752788365229,-2.71288778379
n34,-1.65724485265,0.696042405317,-2.34713120773
n35,-2.91751000698,0.757791177603,-3.94447883662
n36,-1.48334588776,0.591597993605,-1.65886163176
n37,-3.34777157027,0.707678919474,-3.32779230073
n38,-1.86578313352,0.630916537154,-1.73548610674
n40,-2.45619596399,0.67570392706,-0.789750317628
n41,-1.95746544225,0.646712803452,-1.34516257039
n42,-1.51297599811,0.591597993605,-0.947411843609
n43,-1.69236420088,0.62744412897,-1.22160980311
n44,-1.17494051202,0.626589611472,-1.39831262769
n45,-1.72863930084,0.625100070144,-0.619417430699
n46,-3.02038788304,0.715435813389,-3.15095748499
n47,-2.16667583335,0.710058651677,-4.48928781
n48,-1.46311495405,0.591597993605,-2.14462740611
n49,-2.88293017775,0.692726782409,-3.39174975904
n50,-2.57168678534,0.763099198273,-5.04535394297
n51,-1.51665386401,0.67469570548,-0.414747714735
n52,-1.21197512681,0.635030215963,-1.6200176415
n53,-1.85214062433,0.645686666809,-3.36376082852
n56,-3.4365398761,0.780685799898,-2.84034339243
n57,-0.71540451166,0.592889316283,0.291340086862
n59,-1.0745621597,0.68839113414,-0.0894057128745
n60,-1.09732163626,0.642012222405,-0.750833336081
n61,-2.43252480084,0.685471244691,-2.54405709143
n62,-2.06700037895,0.696867738864,-1.76834761619
n63,-0.549888654612,0.681767330865,-1.19800323173
n64,-1.35013073568,0.681705221076,-1.20038237097
n65,-0.69010224387,0.592889316283,-0.284743363991
n66,-2.83481447135,0.740730398033,-3.95231824044
n67,-0.439700719166,0.618988444753,-1.21828315591
n68,-0.704909958618,0.592889316283,0.0523995151517
n69,0.0959336991279,0.648574372727,0.00466103921994
n70,-0.997170962441,0.644240594108,0.0416530769412
n71,-2.21733269361,0.706420947618,-3.81330658795
n72,-0.926586659333,0.657382405343,-0.109736073232
n73,-0.732832630032,0.639036882141,-0.145830001482
n75,-2.68837784555,0.706939703115,-1.25541015787
n76,-2.75279270818,0.715916071546,-2.27216093966
n77,-2.02503203626,0.704872995068,-2.07065631646
n78,-3.00746708983,0.718736196167,-3.32119716555
n79,-2.82073594722,0.744895536447,-2.87818415721
n80,-1.9153758013,0.713293509841,-2.68253237726
n82,-0.829963174093,0.707256505765,-1.33659807862
n84,-2.59968629441,0.812311057082,-2.93930363829
n86,-3.82322873068,0.7181809891,-2.73321098641
n87,-1.4501991082,0.759452935163,-2.32053767247
n88,-3.97475431022,0.712501631005,-3.20076383574
n89,-3.12185239792,0.764886336436,-3.70901553654
n93,-2.96588024849,0.763937948858,-3.79542470709
n94,-0.44277759858,0.723857321144,-0.193313849756
n95,-4.22470851825,0.822350721895,-3.93989660473
n96,-4.86915495094,0.923249569629,-4.30353208961
n97,-2.33150348214,0.752228740862,-3.04265605729
n98,-3.4210307155,0.743532920376,-1.92534150231
n99,-2.67542768908,0.719408955923,-3.23028438967
n100,-3.36643333488,0.707948044523,-3.68646813135
n101,-3.0210371172,0.786268220831,-3.54663358631
