name,mu,var,y
cschrimson,-0.362400102492,0.216950264481,0.0043799404813
c1c2,-0.362242691619,0.2166208222,0.123709271951
cheriff,-1.76134624611,0.216503544495,-1.54390889432
c1,-1.46274938887,0.236788429346,-0.828563459331
c2,-0.612095877591,0.23157903713,0.0167110169941
c3,-0.56438290306,0.231271038461,-0.440869834335
c4,-0.237202553517,0.228896082473,-0.308732329456
c5,-0.358622091555,0.234953764614,-0.546258834659
c6,-0.36892670972,0.22728294464,-0.459305420039
c7,-0.662799027983,0.234400187463,-0.103673767785
c8,-0.573210688832,0.235949535205,-0.767423404425
c11,-0.485127080409,0.229627172909,0.059669997696
c13,-0.450803209429,0.234602382928,0.00130363573756
c14,-0.402334110337,0.235034950324,-0.222340110789
c15,-0.285963765212,0.230035895943,0.214511194986
c16,0.0174809437023,0.2333157022,0.127020608646
c19,-0.391727048445,0.237404076084,-0.272792835979
c20,-0.328932731474,0.225736351341,-0.103265879525
c21,-0.0493424288501,0.26221321858,-0.931693892686
c24,-0.63813917187,0.273938764229,-1.54968036416
c25,0.0659219062656,0.272240228102,-0.835131593585
c28,-0.360474237183,0.280866794473,-1.10638346283
c29,-1.19409850858,0.280864005822,-1.50227507667
c30,-0.208334753609,0.251457346763,-0.747966568485
c31,-0.633224486766,0.279558013214,-0.733396570483
c32,-1.27052443378,0.261911050665,-0.0763297818458
c33,-0.864301473317,0.264654566288,-1.17383809149
c34,-0.728380039398,0.252770218759,-1.65581862193
c35,-1.29136142674,0.271466733655,-0.880380431423
c36,-1.58009183593,0.23051751237,-1.60978553806
c37,-1.87305907478,0.231643724196,-1.84961559395
c39,-1.71299464017,0.227850425734,-1.93255655183
c40,-1.42059464541,0.234868094393,-2.03983619142
c41,-1.53395311216,0.236375604691,-1.62486365754
c42,-1.45096966236,0.227686867616,-1.3233950842
c43,-1.6872179955,0.235249320193,-2.18250575643
c44,-1.6027035159,0.230828982813,-2.49644742006
c46,-1.62735997444,0.232013378906,-1.72392578915
c47,-1.9030305454,0.235110779626,-1.96921214312
c48,-1.64871919661,0.236986606682,-2.05249142619
c49,-1.58618917747,0.233606319026,-1.83273904586
c50,-1.14298849579,0.236112693596,-0.868351851001
c51,-1.79911418399,0.237388908254,-1.51333840174
c52,-1.76859044178,0.230987824443,-1.65054833166
c53,-1.76804153717,0.24073060975,-1.38535334816
c54,-1.56954183187,0.229726218213,-2.602659617
c55,-0.832841343461,0.232419842486,-0.970088692759
c56,-0.462505981155,0.233836328167,-0.564563556524
c57,-0.195837051937,0.234233010455,0.0958731614368
c58,-0.361667287946,0.235075530917,-0.357225867045
c59,-0.466714110296,0.235066018163,-0.299554290363
c60,-0.967540623558,0.235616391387,-1.2919204513
c62,-0.408748952571,0.231500891662,0.290359656998
c63,-0.368004593724,0.237348763846,-0.214406850219
c64,-0.490979200812,0.229457369456,-0.183932781305
c66,-0.380366570659,0.235526709103,0.600593776044
c69,-0.718341697135,0.23531336441,-0.938623346547
c70,-0.0653032211873,0.230053760376,-0.432557946977
c71,-0.0187405446406,0.230229041206,-0.205262821253
c72,-0.27026944301,0.238452095022,-0.708757303871
c73,-0.285398926828,0.226236972658,-1.58387962915
c74,-0.589408443244,0.274646651213,-1.48059159693
c75,-1.05142049187,0.281717102359,-1.22084122636
c76,-0.905495801504,0.272440239479,-0.862300726587
c77,-0.832656111108,0.269707224971,-0.162827131519
c78,-0.0665939023137,0.273867600308,0.505332973973
c79,-0.796214159436,0.277994543988,-0.329564965358
c80,-1.22185877238,0.272290838302,-0.754262841031
c81,-0.188090456326,0.268793505816,0.341991122971
c83,-1.25402438516,0.266172033576,-1.42682299525
c84,-0.998198925513,0.272318107793,-0.532841501125
c85,-0.254957663653,0.271220425299,0.133587590137
c86,-0.302837878424,0.272527301059,0.540473648181
c87,-0.65860103654,0.270984444446,0.188530114783
c88,-1.20645829798,0.27647011635,-1.14259270468
c89,-1.23294688345,0.288531902988,-1.22544569082
c90,-0.0150912773383,0.261171265031,0.0938236559842
c92,-1.25676207595,0.276155025584,-1.86897858351
c93,-0.191144123413,0.259098138558,-0.196611180438
c95,-0.572222391218,0.270975891173,-0.923904007435
c96,-0.15664454032,0.264462780568,0.0715239712736
c103,-1.68088982421,0.269283582715,-0.860929117255
n1,-1.45573015261,0.235315844182,-0.609419757811
n2,-0.598273034336,0.233302706737,-0.0342440307739
n3,-0.603457528598,0.225869789128,-1.19992247088
n4,-0.479441046355,0.235196246175,-0.738732696649
n5,-0.283033961551,0.228215328482,0.131699017742
n6,-0.355803757529,0.222256725841,-0.0403237691655
n7,-0.550547998129,0.233941897227,-0.637583754494
n8,-0.607942328196,0.232202786238,-0.294745095855
n9,-0.430777498695,0.228901383288,-0.151837670498
n10,-0.494993344411,0.234531785343,0.069430475543
n11,-0.483634002026,0.230750157963,-0.55800454977
n12,-0.565989066251,0.226059035281,-1.21902606115
n13,-0.477876105485,0.23782787019,-0.326453957892
n14,-0.361576607622,0.232663077361,-0.113615557375
n15,-0.335083208936,0.221130809148,-0.260757925841
n16,-0.340232778087,0.229835339963,-1.14102702449
n17,-0.583895350143,0.232189494561,-0.60679169969
n18,-0.0978297081194,0.234586116244,-0.775796335435
n19,-0.225535199131,0.233064276707,-0.154332545888
n20,-0.290433699691,0.231231493438,-0.109989031518
n21,-0.446852054971,0.252932506596,-0.327114292182
n22,-0.430926604508,0.25465344216,-0.848603494019
n23,-0.679650422683,0.272168752074,-1.99088460301
n24,-0.676987021716,0.260445557951,-0.179240014942
n28,-0.421721276351,0.270646858784,-0.485226676752
n29,-1.20486129112,0.262026459588,-1.07363627524
n32,-0.311481867779,0.260734017999,-0.315345054419
n34,-0.721446733046,0.26220797331,-0.476120521536
n35,-0.950192837899,0.266300120903,-1.50457931411
n36,-1.46451552816,0.224995918067,-1.38245625051
n37,-1.58163045187,0.235439391589,-1.79013356939
n38,-1.84998421735,0.228602795305,-2.03502317591
n40,-1.58429738697,0.232949400005,-1.51051290817
n41,-1.52151033348,0.233522899069,-2.07734824391
n42,-1.67584744165,0.227811673208,-1.9168836857
n43,-1.63252046076,0.232915697842,-1.97193719016
n44,-1.61174471249,0.232291232681,-1.52541729339
n45,-1.75764656574,0.226663462026,-1.4887463327
n46,-1.68314511937,0.237873303597,-1.66470296513
n47,-1.86977692325,0.233643113927,-1.69917392583
n48,-1.72654407111,0.22392063239,-2.05259698183
n49,-1.647559288,0.232948631993,-1.54532163924
n50,-1.80536555786,0.235689209365,-1.8385447507
n51,-1.29018797189,0.23449642065,-0.728519631807
n52,-1.51270018651,0.237036337289,-1.62283443035
n53,-1.64762545701,0.233879680146,-0.550291993157
n56,-0.37132278446,0.237245865255,-0.761560118694
n57,-0.292201374819,0.23262739546,0.326813836274
n59,-0.521546326369,0.236249370646,-0.392023361462
n60,-0.364412878908,0.232599086872,-0.404483293492
n61,-0.859369787802,0.234086263155,-1.36611340438
n62,-0.56441696381,0.237104787716,-1.55020599055
n63,-0.443187698357,0.235445115389,-1.83777852367
n64,-0.600365900875,0.233135874414,-0.520181582321
n65,-0.116619612226,0.226435119572,0.414716247092
n66,-0.219839534478,0.238287000743,-0.602369119141
n67,-0.290336513804,0.231304535194,-1.19520515577
n68,-0.394316628115,0.22209199095,0.0843239024762
n69,-0.351258540305,0.230193239329,0.293154668491
n70,-0.156705005347,0.23104522527,0.339751346773
n71,-0.612074375863,0.234351894714,-0.709106880872
n72,-0.600648784775,0.233341038855,0.481654104356
n73,-0.422196797553,0.231793699782,-0.689175006619
n75,-1.0869453461,0.257002661168,-1.56701135154
n76,-0.154195385589,0.255148286329,-0.979585263842
n77,-1.39507224036,0.255226018501,-1.26875225605
n78,-1.36482831257,0.25564706715,-1.94682336162
n79,-0.991377005797,0.260106350771,-0.504265051353
n80,-0.893042574767,0.26442607637,-0.633985591784
n82,-0.476254600679,0.257363688201,-0.247789459243
n84,-0.678375774503,0.275241858218,-0.0982603268609
n86,-1.14489256484,0.256959253237,-0.534110929594
n87,-0.669703724305,0.271507946144,-1.34222542769
n88,-0.679588499958,0.26594870988,-0.857068911571
n89,-0.768711262252,0.265226811818,-0.598581635416
n93,-1.01070168014,0.270348472019,-1.50773384617
n94,-0.474402484968,0.261479702963,0.135994317311
n95,-0.927632719769,0.269790041936,-0.807166759787
n96,-0.659604915031,0.27229472252,-1.45201240471
n97,-1.37654676573,0.259225529527,-1.13190953464
n98,-1.20521897501,0.262720273143,-1.29348300941
n99,-1.4705868809,0.262439026732,-1.7773977202
n100,-0.451363090849,0.265033463734,-0.660685362898
n101,-0.549796284942,0.259206101907,-0.240993845482
